2 + 2
i <- 17
i + 3
"teststring"
